8
0.0
165.148418097
237.857099957
176.002840886
152.003289438
339.744021287
210.793738047
80.1560977094
165.148418097
0.0
167.361883355
247.072863747
147.353316895
338.496676498
314.985713962
237.539470404
237.857099957
167.361883355
0.0
177.721692542
92.6120942426
182.08239893
253.712435643
269.267524964
176.002840886
247.072863747
177.721692542
0.0
108.046286378
179.446370819
76.9220384545
147.580486515
152.003289438
147.353316895
92.6120942426
108.046286378
0.0
204.120062708
183.480244168
176.663521985
339.744021287
338.496676498
182.08239893
179.446370819
204.120062708
0.0
216.009259061
326.369422587
210.793738047
314.985713962
253.712435643
76.9220384545
183.480244168
216.009259061
0.0
153.209007568
80.1560977094
237.539470404
269.267524964
147.580486515
176.663521985
326.369422587
153.209007568
0.0
