5
0.296307 0.301613 0
0.475484 0.511769 1
0.896408 0.892982 2
0.089549 0.109382 3
0.696604 0.685315 4
0.060589 0.185959 3
0.004935 0.183026 3
0.006619 0.171790 3
0.094958 0.107016 3
0.124358 0.176905 3
0.088177 0.106231 3
0.072850 0.083761 3
0.123919 0.196947 3
0.002943 0.110905 3
0.179967 0.022925 3
0.106013 0.082512 3
0.142490 0.137557 3
0.043277 0.097819 3
0.128991 0.121528 3
0.161318 0.033652 3
0.157526 0.021907 3
0.019612 0.162461 3
0.004933 0.026231 3
0.134251 0.099891 3
0.133247 0.058609 3
0.276796 0.221424 0
0.364840 0.349646 0
0.305185 0.288759 0
0.346593 0.308128 0
0.399665 0.326560 0
0.331052 0.305678 0
0.209072 0.273542 0
0.243235 0.252349 0
0.371361 0.372226 0
0.373877 0.332680 0
0.205879 0.331402 0
0.354587 0.225491 0
0.293863 0.359520 0
0.251722 0.228114 0
0.259410 0.384969 0
0.286723 0.336206 0
0.206393 0.251563 0
0.285852 0.311577 0
0.340323 0.232445 0
0.219705 0.339987 0
0.559005 0.550757 1
0.445665 0.568077 1
0.424299 0.488900 1
0.420426 0.595660 1
0.461126 0.594302 1
0.528340 0.467005 1
0.525705 0.482927 1
0.492496 0.419568 1
0.442446 0.544218 1
0.447682 0.501857 1
0.529186 0.534405 1
0.438063 0.535579 1
0.585968 0.523915 1
0.447156 0.526291 1
0.556360 0.466861 1
0.466279 0.515365 1
0.417617 0.511943 1
0.483441 0.441916 1
0.400843 0.503867 1
0.437577 0.461970 1
0.698169 0.765917 4
0.728975 0.623874 4
0.648843 0.621471 4
0.643442 0.691290 4
0.765689 0.691124 4
0.793146 0.694875 4
0.625529 0.631209 4
0.630454 0.611498 4
0.755123 0.677609 4
0.737789 0.711483 4
0.744470 0.604067 4
0.626848 0.762087 4
0.716011 0.710289 4
0.604004 0.716854 4
0.614157 0.641580 4
0.778824 0.712326 4
0.607497 0.707799 4
0.736200 0.656340 4
0.729271 0.779642 4
0.747629 0.694959 4
0.870766 0.940776 2
0.989834 0.896295 2
0.971984 0.820288 2
0.907793 0.927108 2
0.897897 0.845582 2
0.838591 0.842367 2
0.849649 0.865439 2
0.804455 0.965660 2
0.975729 0.808458 2
0.882515 0.989885 2
0.850038 0.861339 2
0.902211 0.857535 2
0.969138 0.838411 2
0.913875 0.898409 2
0.818053 0.861504 2
0.993368 0.888819 2
0.802280 0.983202 2
0.985115 0.974264 2
0.803490 0.892908 2
0.901372 0.901388 2
