5
3: 0.991598 0.192722 0
3: 0.865019 0.519343 1
3: 0.101160 0.227653 2
3: 0.728597 0.911179 3
3: 0.715245 0.917603 4
3: 0.778824 0.712326 -1
3: 0.607497 0.707799 -1
3: 0.736200 0.656340 -1
3: 0.729271 0.779642 -1
3: 0.747629 0.694959 -1
3: 0.870766 0.940776 -1
3: 0.989834 0.896295 -1
3: 0.971984 0.820288 -1
3: 0.907793 0.927108 -1
3: 0.897897 0.845582 -1
3: 0.838591 0.842367 -1
3: 0.849649 0.865439 -1
3: 0.804455 0.965660 -1
3: 0.975729 0.808458 -1
3: 0.882515 0.989885 -1
3: 0.850038 0.861339 -1
3: 0.902211 0.857535 -1
3: 0.969138 0.838411 -1
3: 0.913875 0.898409 -1
3: 0.818053 0.861504 -1
3: 0.993368 0.888819 -1
3: 0.802280 0.983202 -1
3: 0.985115 0.974264 -1
3: 0.803490 0.892908 -1
3: 0.901372 0.901388 -1
